>MOTIF23 8
0.012997305281609917 0.006444953429238078 0.9158698169432301 0.06468792434592185
0.006593897838414922 0.01367885735189045 0.9163993643249212 0.06332788048477343
0.059094698786845146 0.0003671842550246688 0.9145603671964184 0.025977749761711754
0.003730178508126451 0.914209724538034 0.06738202022483618 0.014678076729003425
0.9235627287183282 0.023694577744255763 0.012838454775739194 0.03990423876167683
0.01535182471544605 0.9102062202814062 0.07385235597548673 0.0005895990276610918
0.9107604835827934 0.0012439133670096858 0.07357611718012935 0.014419485870067594
0.029095228456272326 0.0053296901574645394 0.045009108324266044 0.9205659730619971
<
