>MOTIF17 8
0.12846472219141483 0.7907762388075132 0.06440936259697658 0.016349676404095348
0.06710054104755525 0.16427810330822915 0.0018305187519740418 0.7667908368922416
0.003653808759163518 0.17433121312720065 0.7650474517547695 0.05696752635886631
0.793280336703132 0.027211166059202905 0.1326564873176981 0.046852009919966964
0.79681024586999 0.1212283154317767 0.02616564087984202 0.05579579781839128
0.16194370094378263 0.765699866616025 0.0006892666459210579 0.07166716579427135
0.0019236169851840346 0.7611959450584967 0.05836568948162016 0.17851474847469906
0.2217652565681918 0.00692484600061094 0.029256555228561028 0.7420533422026362
<
