>MOTIF16 8
0.14524328445461027 0.030063337569011268 0.03621942518483659 0.7884739527915419
0.2057890948946607 0.7527699368182483 0.03210899975622367 0.009331968530867284
0.7873871210151179 0.07212984252902915 0.011402872626699303 0.12908016382915366
0.0032602082974716403 0.7800954462053605 0.09918095047630403 0.1174633950208638
0.3029012413137778 0.006752506599224328 0.007597055311469928 0.6827491967755279
0.6893994078778303 0.29416570000223974 0.004135117107228137 0.012299775012701842
0.00021471549392003766 0.4608781060498638 0.538782474791702 0.0001247036645141142
0.7712495279198114 0.013912504225268968 0.03979067060916205 0.1750472972457576
<
