>MOTIF19 8
0.1338912313614159 0.050214579668760306 0.02383727339911612 0.7920569155707077
0.004281353794698146 0.1660331413339611 0.7691407493348944 0.06054475553644635
0.06834335772635525 0.023969745547550603 0.7990806185947963 0.10860627813129782
0.7739791893585205 0.08074717026245505 0.00219921215354163 0.14307442822548283
0.015763928125510657 0.28829679867239016 0.0025555770320762616 0.6933836961700229
0.014353810392132682 0.00023673391511636055 0.672644644913843 0.312764810778908
0.26234071974563333 0.01213170720994261 0.7148149775515169 0.010712595492907151
0.8073485760822198 0.09115330861301608 0.05582558043407969 0.04567253487068444
<
