>MOTIF15 8
0.0008374005137551377 0.21066963109636183 0.7437827921686463 0.044710176221236755
0.03217931041661122 0.019740458445669018 0.7723432012995168 0.17573702983820294
0.7708915701590728 0.009588370477849328 0.047876362622436046 0.17164369674064178
0.7674986296987654 0.15570615457379322 0.07622388219900383 0.0005713335284376342
0.7587358688423482 0.006225712975873321 0.1921309161529901 0.04290750202878835
0.010121553039494996 0.20318131314968252 0.754598644716674 0.03209848909414844
0.07778653213747135 0.15499940295136438 0.7669683632488135 0.0002457016623508279
0.005552950963822148 0.7698396902098146 0.05726241089997326 0.16734494792639001
<
