>MOTIF24 8
0.10406797219023127 0.0001686334012831192 0.0014907753696536844 0.8942726190388319
0.002506603567782359 0.9171953600717467 0.024966785704768343 0.05533125065570256
0.06095156117680066 0.002614619020418235 0.9158328975805643 0.02060092222221681
0.9182440865610838 0.05613240895408882 0.00503745944106769 0.020586045043759688
0.02893111954153793 0.9254354484555156 0.021006244497054072 0.024627187505892323
0.906684111470404 0.000855613765230788 0.0825153158374126 0.009944958926952656
0.007536916024219557 0.003612536537010741 0.08020492345998713 0.9086456239787826
0.0002652184417464287 0.014929403977500318 0.909263206794526 0.07554217078622727
<
