>MOTIF11 8
0.8006036334967995 0.07681376674465877 0.024038164678539514 0.09854443508000219
0.8088208248851577 0.04461846589747606 0.06905682658130313 0.07750388263606309
0.00015927908935922663 0.08715157581407484 0.7699904102146845 0.14269873488188142
0.1515763149647874 0.05348009115225592 0.013432959395963805 0.7815106344869929
0.054462753833475604 0.012877602587439307 0.7813015540277697 0.15135808955131536
0.7525317979955464 0.051941211478772606 0.001035311293875324 0.1944916792318057
0.01703765807104755 0.7939197460842032 0.09841142504869277 0.09063117079605645
0.15282687841367829 0.037966196536051294 0.7844876408000077 0.024719284250262753
<
