>MOTIF21 8
0.07386749808239831 0.006656760001641837 0.007504389766457287 0.9119713521495025
0.0080930264673265 0.07466583493651577 0.005694962746663795 0.9115461758494939
0.0003782583909392772 0.08778807652358334 0.008001361684997543 0.9038323034004798
0.00574931076462816 0.027162019132361444 0.9205475069166074 0.046541163186403035
0.9128825005054113 0.0027207672529808093 0.0699406343460136 0.01445609789559428
0.00783530716958553 0.9091999982492188 0.0038251994673786753 0.07913949511381697
0.06365845129471868 0.008132258891732528 0.9164715294496552 0.011737760363893634
0.003641668298265705 0.003400305681241944 0.08909543158668576 0.9038625944338066
<
