>MOTIF28 8
0.004556550282642284 0.08000886381247896 0.9088503077428441 0.006584278162034607
0.9038419098241394 0.08836930319212942 0.006794275401641555 0.0009945115820896577
0.031944267680913734 0.0008193080926598983 0.05059093760291384 0.9166454866235125
0.0012386694223992523 0.04187177307075518 0.9178102313463689 0.0390793261604767
0.016166546021479267 0.027163413202582976 0.9248547051528242 0.031815335623113526
0.9238704774611332 0.012856262724916023 0.03743076105171239 0.02584249876223843
0.009716079339691354 0.9193311597351645 0.05602521323560032 0.014927547689543783
0.9246418741198805 0.020598759615364393 0.036162619273618295 0.018596746991136788
<
