>MOTIF26 8
0.07600283731432478 0.00683690118560909 0.006232528426181088 0.9109277330738851
8.655809057478425e-05 0.10238166936238002 0.8953351012102934 0.002196671336751804
0.033705406819405793 0.002334771371285016 0.045314489760536314 0.9186453320487729
0.9157885723939603 0.05858723203762034 0.0015656948190757164 0.024058500749343664
0.9185499121304616 0.007734909971251751 0.05759992296540443 0.016115254932882267
0.016857135924079336 0.01653502709641197 0.04339713261253268 0.923210704366976
0.049143560717301596 0.013044901811491373 0.016169352766219988 0.921642184704987
0.01923296648183412 0.06655798202125854 0.9131483075415177 0.0010607439553896921
<
