>MOTIF29 8
0.013120314904149541 0.05468375892749421 0.012274599053664036 0.9199213271146922
0.020995699640882437 0.018078817147605376 0.9246009993019854 0.036324483909526806
0.029922759398772186 0.009291809179342934 0.9228864652131394 0.03789896620874544
0.06122774669943853 0.00631867984070038 0.9170833219419229 0.015370251517938215
0.008467766759391896 0.07125600696418663 0.007075260023278851 0.9132009662531426
0.00847748597920154 0.0003497578844452807 0.08692621414617734 0.9042465419901758
0.9180189843099928 0.05981025417270271 0.011251807422337693 0.010918954094966746
0.018307938144939473 0.01194379858312393 0.04786163818717082 0.9218866250847658
<
