>MOTIF22 8
4.068165972291593e-05 0.04635996909525236 0.03761577729850525 0.9159835719465195
0.0487581181970409 0.02207800149708586 0.9209899274782275 0.008173952827645737
0.013032789859122595 0.0038812818017014417 0.9133623540559264 0.06972357428324956
0.8955800939945692 0.10201651438997224 0.00229354741084541 0.00010984420461318534
0.006157130663628917 0.9021741411380458 0.09112951470325456 0.0005392134950706895
0.035060894265765974 0.023761909877987382 0.9246523818237421 0.016524814032504498
0.019167070857853963 0.04051812809558517 0.923828241510486 0.016486559536074807
0.014623449057696414 0.9146312427026153 0.004148235866109592 0.0665970723735787
<
