>MOTIF14 8
0.0008930605004779222 0.7652694106015343 0.16426338553079176 0.06957414336719604
0.048077584333155836 0.011424247560014672 0.7744120925785685 0.16608607552826102
0.1421561715498118 0.03752242487750779 0.7898697719419892 0.03045163163069126
0.7570115554206325 0.06090193781827123 0.18184579065086753 0.00024071611022874473
0.0008238164201882503 0.016601287543414743 0.2968714836719939 0.6857034123644031
0.27862760434820144 0.6992058857162059 0.0005228641984366122 0.021643645737156
0.08950026785812895 0.08810765084328132 0.8001333103478973 0.022258770950692508
0.017892302779875368 0.7935651444854904 0.08879622859924595 0.09974632413538827
<
