>MOTIF12 8
0.040833383974436775 0.010113128515328676 0.7652461872476921 0.18380730026254244
0.047865426418625456 0.0819928712202788 0.8089009750102975 0.06124072735079833
0.7748098290642556 0.17194824600920727 0.026389020434465067 0.02685290449207211
0.031767914390854246 0.013234096382793215 0.7607447182909504 0.19425327093540218
0.744487708004088 0.2121155840609361 0.04129394284732028 0.0021027650876556114
0.11657281394242715 0.010859875785813156 0.7894085621855484 0.08315874808621126
0.7685586975743617 0.017045684284269558 0.03253192150337636 0.1818636966379924
0.7608008297891962 0.002967347244190177 0.18220917081084806 0.054022652155765606
<
