>MOTIF25 8
0.010292137156586485 0.000517626144745229 0.9063109684097115 0.08287926828895681
0.005717154156735537 0.06754709217310373 0.9146391178934682 0.01209663577669251
0.9158099819754117 0.03045372915719624 0.0004486427242892388 0.053287646143102815
0.9128805878350813 0.004365977112093106 0.011538962385323818 0.07121447266750178
0.9220499547334579 0.0127483961103707 0.047513201402159984 0.01768844775401146
0.10158516067926729 0.0004751981283058898 0.0019590513297041597 0.8959805898627227
0.020147166407649048 0.9254020373307991 0.027181144251367983 0.027269652010183904
0.07471460945710466 0.9103152185600547 0.013711508422273672 0.0012586635605669617
<
