>MOTIF27 8
0.0003829854343315713 0.9093382787695914 0.014649893066869328 0.07562884272920771
0.0485559709250646 4.5685480775485565e-05 0.03558152234247385 0.9158168212516861
0.9210327058840331 0.019152037526583086 0.009745529413090152 0.05006972717629369
0.008605379202736189 0.02691036948401414 0.9222282455609968 0.04225600575225286
0.006963554050570548 0.08431409544939553 0.906350054653228 0.0023722958468058823
0.0009988198703271833 0.060420783013876905 0.023706846552603276 0.9148735505631926
0.01810345003362271 0.05763206631798867 0.9181670523389003 0.006097431309488366
0.06839676795116874 0.01958459263472918 0.9117946877518582 0.00022395166224384766
<
