>MOTIF20 8
0.7714088312828412 0.0005186712622835656 0.14047329734699035 0.08759920010788487
0.7811208424704708 0.15756335792562715 0.018868523414342107 0.04244727618956001
0.03301106410932957 0.010174048411206948 0.7559808381649673 0.20083404931449622
0.19248066648755338 0.035609434429358267 0.7609799540135995 0.010929945069488856
0.20337445016757735 0.04110319240088797 0.7512760525298896 0.004246304901645083
0.16220096172690443 0.7743948625196134 0.00863910942986068 0.054765066323621464
0.08186519344444898 0.8042785915028299 0.08381918422116774 0.03003703083155338
0.017394088121956214 0.07770920172135458 0.10943429461248926 0.7954624155441999
<
