>MOTIF13 8
0.30751415573276847 0.6781328408562719 0.01211674311407207 0.002236260296887537
0.13128521654493353 0.06296468355158165 0.7897744929786296 0.01597560692485526
0.26597170294774564 0.70936764386717 0.0016336400002773255 0.023027013184807
0.8085644675612903 0.04574553213698773 0.06275685678232046 0.08293314351940151
0.026054874791135996 0.7832671965074001 0.034921815649403554 0.15575611305206039
0.32223830085177085 0.00956043807951179 0.002129991070044598 0.6660712699986727
0.005846305895098269 0.1549173644855033 0.7748779245186911 0.06435840510070734
0.008939353343595857 0.28272405709393594 0.009305165381071734 0.6990314241813965
<
