>MOTIF18 8
0.027888031577609218 0.7855937677772806 0.035334256172505296 0.1511839444726049
0.31719812472846687 0.6706807857227405 0.0037921862441585574 0.008328903304634063
0.0030168099007517307 0.22139265751590997 0.035683836980294203 0.7399066956030441
0.018549363120076545 0.00120957079888101 0.6945770815285763 0.2856639845524661
0.1867939170519145 0.7659335755287647 0.0176665523781847 0.029605955041136056
0.00168962885795539 0.7133399054225479 0.024552096130599388 0.26041836958889736
0.0015821789399937947 0.7716269280121656 0.14810826226106344 0.07868263078677722
0.008197232082736428 0.287188291690179 0.6954780286803981 0.009136447546686449
<
