>MOTIF30 8
0.05945453423937215 0.01513199989959074 0.007505319514326416 0.9179081463467107
0.02682504862326568 0.9228794904972516 0.009986301869214342 0.040309159010268325
0.0007283084690513754 0.912605511470436 0.019248100762774733 0.06741807929773788
0.06340480474291932 0.010320063811405156 0.009629561092255915 0.9166455703534196
0.01873266654604769 0.004810546926092656 0.05913470331515995 0.9173220832126997
0.002880176927978373 0.903097393677995 0.090387844657754 0.0036345847362726047
0.9191505873118554 0.013995657725627164 0.0566976899868254 0.010156064975691992
0.0723302118828989 0.0008436201416596179 0.0158491522895775 0.910977015685864
<
